7451.418 6240.322 5911.978 5584.024 5420.229 5230.843 5024.109 4358.843 4002.883 3463.349 2262.266 1739.765 1721.532 1588.438 0.000 0.000 0.000 0.000
12180.357 11487.615 6207.666 5370.690 4677.536 4377.586 4259.098 3710.435 2095.103 1941.034 1865.013 1827.868
17270.559 12741.143 5295.638 4757.223 4509.392 3943.780 3715.964 2213.783 1984.368 1859.741 1708.410
17102.973 13155.213 5081.500 5053.151 4790.571 3719.229 3326.948 2239.104 2001.005 1905.445 1624.862
16884.898 13690.439 5227.917 4945.462 4791.797 3695.354 2994.621 2236.259 2012.200 1947.175 1573.878
16717.430 14246.354 5299.366 4956.810 4543.808 3622.654 2840.398 2228.135 2024.670 1980.689 1539.687
16601.977 14829.106 5309.844 4854.857 4348.204 3534.136 2742.764 2215.958 2039.073 2005.994 1518.087
16523.479 15424.338 5296.375 4674.463 4182.027 3445.956 2672.061 2193.360 2058.333 2025.038 1504.571
16471.420 16008.493 5273.585 4439.490 4024.137 3374.107 2619.078 2169.678 2083.687 2040.290 1496.034
16540.824 16446.570 5254.460 4182.824 3873.811 3317.663 2578.827 2147.340 2112.290 2054.528 1490.864
16967.205 16456.627 5252.298 3925.479 3769.568 3274.690 2547.797 2129.148 2119.476 2069.185 1488.528
17310.154 16495.055 5250.428 3703.544 3675.468 3237.715 2523.201 2117.175 2116.363 2082.062 1488.836
17581.107 16557.059 5242.099 3662.804 3443.623 3204.130 2503.392 2112.201 2108.566 2093.915 1491.103
17787.930 16639.639 5228.135 3634.629 3236.184 3174.150 2487.230 2106.672 2105.456 2105.365 1494.611
17941.762 16739.879 5207.978 3613.013 3147.625 3052.492 2473.861 2120.991 2106.205 2097.338 1498.857
18052.016 16855.508 5180.674 3595.165 3124.458 2890.942 2462.656 2136.347 2110.328 2088.351 1503.554
18126.127 16983.924 5145.464 3579.588 3104.483 2750.313 2453.023 2152.298 2116.748 2079.289 1508.744
18182.158 17121.062 5101.558 3565.558 3086.918 2618.255 2444.385 2169.686 2124.085 2071.775 1514.559
18228.484 17265.051 5047.854 3552.099 3069.962 2496.867 2436.548 2185.514 2130.971 2066.674 1519.976
18228.420 17415.639 4983.273 3537.016 3052.788 2437.035 2429.480 2191.604 2137.920 2061.854 1524.971
18225.834 17556.635 4907.943 3522.040 3037.490 2423.531 2403.318 2192.242 2142.795 2057.272 1530.898
18238.455 17680.844 4821.335 3507.620 3024.244 2418.906 2382.296 2189.855 2145.091 2053.048 1538.306
18271.492 17788.035 4722.774 3493.324 3012.632 2415.637 2368.685 2185.291 2146.118 2048.821 1547.190
18327.977 17878.809 4611.243 3478.902 3002.345 2413.670 2359.770 2179.602 2146.480 2044.392 1556.810
18410.336 17954.072 4484.699 3464.361 2993.245 2412.907 2353.983 2174.087 2146.493 2039.793 1566.024
18521.217 18014.773 4339.696 3449.958 2985.484 2413.252 2350.377 2169.171 2146.326 2035.104 1574.641
18662.660 18061.621 4172.683 3436.278 2979.670 2414.628 2348.379 2164.404 2146.077 2030.284 1583.316
18836.279 18094.912 3980.553 3424.499 2976.188 2416.977 2347.673 2159.228 2145.800 2025.222 1592.669
19032.832 18115.318 3773.109 3416.297 2972.353 2420.320 2348.142 2153.617 2145.531 2019.785 1602.697
19220.355 18127.982 3583.947 3411.485 2961.891 2424.723 2349.590 2147.912 2145.269 2013.871 1612.975
19377.592 18136.248 3434.729 3406.088 2945.994 2429.755 2351.564 2144.910 2142.302 2007.554 1623.263
19514.793 18138.109 3398.903 3314.180 2929.597 2434.742 2353.702 2144.346 2136.531 2001.078 1634.016
19634.975 18132.982 3390.448 3217.279 2914.805 2439.421 2355.813 2143.577 2129.619 1994.644 1646.436
19740.188 18122.350 3381.375 3139.491 2902.088 2443.724 2357.832 2142.671 2120.573 1988.498 1661.211
19832.861 18107.967 3372.154 3076.861 2891.306 2447.645 2359.723 2141.698 2109.781 1983.038 1676.966
19915.111 18091.311 3363.092 3026.180 2882.189 2451.206 2361.466 2140.710 2098.427 1978.417 1691.893
19988.354 18073.549 3354.384 2984.933 2874.448 2454.433 2363.054 2139.747 2087.723 1974.390 1704.984
20053.402 18055.604 3346.151 2951.155 2867.767 2457.357 2364.497 2138.837 2077.233 1970.809 1717.187
20111.059 18038.045 3338.454 2923.298 2861.848 2460.006 2365.804 2137.996 2066.885 1967.424 1729.180
20162.355 18021.094 3331.307 2900.158 2856.435 2462.405 2366.987 2137.231 2057.276 1963.924 1740.829
20208.375 18004.764 3324.698 2880.836 2851.314 2464.577 2368.058 2136.542 2048.457 1960.102 1752.277
20250.096 17989.014 3318.600 2864.670 2846.320 2466.544 2369.029 2135.925 2040.533 1955.789 1763.480
20288.289 17973.840 3312.994 2851.150 2841.316 2468.324 2369.908 2135.374 2034.548 1950.836 1773.420
20323.449 17959.266 3307.883 2839.850 2836.193 2469.932 2370.705 2134.881 2030.950 1945.299 1781.593
20355.932 17945.309 3303.287 2830.863 2830.389 2471.382 2371.424 2134.438 2029.111 1939.408 1788.456
20386.072 17931.953 3299.240 2825.272 2822.412 2472.689 2372.074 2134.040 2028.120 1933.395 1794.731
20414.223 17919.150 3295.773 2819.361 2815.632 2473.868 2372.660 2133.683 2027.245 1927.441 1800.963
20440.723 17906.844 3292.897 2813.100 2809.811 2474.932 2373.191 2133.360 2025.977 1921.742 1807.425
20465.871 17894.977 3290.580 2806.467 2804.800 2475.897 2373.672 2133.069 2024.120 1916.437 1814.108
20489.891 17883.521 3288.756 2800.539 2799.455 2476.778 2374.113 2132.804 2021.995 1911.448 1820.702
20512.871 17872.477 3287.346 2797.021 2792.070 2477.584 2374.517 2132.562 2020.133 1906.644 1826.778
20534.785 17861.861 3286.287 2794.208 2784.370 2478.329 2374.891 2132.341 2018.701 1902.077 1832.147
20555.562 17851.701 3285.553 2792.050 2776.437 2479.021 2375.239 2132.136 2017.425 1897.937 1836.940
20575.148 17842.004 3285.131 2790.477 2768.376 2479.667 2375.560 2131.948 2015.948 1894.348 1841.394
20593.545 17832.775 3285.000 2789.427 2760.292 2480.275 2375.858 2131.772 2014.060 1891.274 1845.720
20610.799 17824.027 3285.117 2788.854 2752.270 2480.847 2376.132 2131.608 2011.695 1888.585 1850.067
20626.977 17815.781 3285.428 2788.709 2744.366 2481.388 2376.384 2131.455 2008.897 1886.129 1854.486
20642.148 17808.072 3285.867 2788.969 2736.606 2481.899 2376.615 2131.312 2005.850 1883.779 1858.885
20656.340 17800.949 3286.331 2789.666 2728.994 2482.382 2376.828 2131.177 2002.915 1881.443 1862.978
20669.518 17794.463 3286.679 2790.889 2721.525 2482.837 2377.025 2131.049 2000.533 1879.080 1866.400
20681.613 17788.646 3286.760 2792.736 2714.202 2483.268 2377.209 2130.929 1998.984 1876.700 1868.955
20692.559 17783.506 3286.431 2795.273 2707.035 2483.674 2377.381 2130.815 1998.258 1874.339 1870.728
20702.354 17779.008 3285.597 2798.524 2700.044 2484.059 2377.543 2130.708 1998.178 1872.031 1871.955
20711.059 17775.084 3284.213 2802.471 2693.241 2484.424 2377.698 2130.607 1998.536 1872.861 1869.806
20718.783 17771.656 3282.280 2807.071 2686.629 2484.772 2377.848 2130.512 1999.153 1873.618 1867.676
20725.668 17768.637 3279.832 2812.260 2680.203 2485.105 2377.994 2130.423 1999.893 1874.304 1865.679
20731.852 17765.959 3276.918 2817.960 2673.953 2485.425 2378.138 2130.339 2000.654 1874.968 1863.834
20737.467 17763.566 3273.604 2824.073 2667.863 2485.733 2378.282 2130.260 2001.370 1875.629 1862.152
20742.627 17761.418 3269.974 2830.486 2661.919 2486.032 2378.427 2130.184 2002.004 1876.292 1860.639
20747.426 17759.486 3266.127 2837.073 2656.101 2486.322 2378.574 2130.112 2002.539 1876.956 1859.285
20751.932 17757.756 3262.177 2843.708 2650.390 2486.604 2378.724 2130.043 2002.973 1877.618 1858.078
20756.188 17756.219 3258.234 2850.273 2644.769 2486.878 2378.876 2129.977 2003.312 1878.272 1857.001
20760.221 17754.873 3254.407 2856.663 2639.227 2487.145 2379.029 2129.913 2003.566 1878.918 1856.037
20764.037 17753.715 3250.790 2862.783 2633.767 2487.404 2379.183 2129.851 2003.746 1879.554 1855.169
20767.639 17752.738 3247.461 2868.549 2628.403 2487.656 2379.336 2129.792 2003.863 1880.179 1854.383
20771.021 17751.936 3244.474 2873.897 2623.163 2487.901 2379.488 2129.734 2003.924 1880.795 1853.666
20774.180 17751.293 3241.859 2878.787 2618.081 2488.138 2379.638 2129.678 2003.938 1881.401 1853.007
20777.102 17750.797 3239.625 2883.200 2613.195 2488.367 2379.784 2129.624 2003.911 1881.999 1852.396
20779.775 17750.426 3237.764 2887.144 2608.540 2488.586 2379.926 2129.572 2003.849 1882.592 1851.826
20782.191 17750.162 3236.257 2890.641 2604.138 2488.797 2380.063 2129.522 2003.755 1883.182 1851.291
20784.346 17749.988 3235.081 2893.728 2600.005 2488.999 2380.195 2129.474 2003.633 1883.769 1850.783
20786.238 17749.885 3234.204 2896.448 2596.144 2489.190 2380.321 2129.427 2003.485 1884.358 1850.299
20787.879 17749.836 3233.594 2898.846 2592.551 2489.373 2380.441 2129.383 2003.313 1884.950 1849.834
20789.281 17749.830 3233.216 2900.970 2589.213 2489.545 2380.554 2129.340 2003.118 1885.547 1849.384
20790.461 17749.855 3233.038 2902.861 2586.118 2489.708 2380.662 2129.299 2002.901 1886.153 1848.944
20791.439 17749.904 3233.027 2904.556 2583.247 2489.861 2380.762 2129.260 2002.661 1886.770 1848.513
20792.234 17749.971 3233.152 2906.088 2580.584 2490.004 2380.856 2129.223 2002.399 1887.401 1848.088
20792.869 17750.051 3233.388 2907.484 2578.112 2490.139 2380.944 2129.188 2002.114 1888.049 1847.664
20793.359 17750.143 3233.710 2908.766 2575.815 2490.265 2381.025 2129.154 2001.805 1888.718 1847.240
20793.725 17750.246 3234.098 2909.952 2573.680 2490.383 2381.100 2129.122 2001.471 1889.411 1846.813
20793.979 17750.359 3234.535 2911.057 2571.693 2490.493 2381.170 2129.093 2001.108 1890.132 1846.380
20794.135 17750.486 3235.006 2912.091 2569.843 2490.596 2381.234 2129.065 2000.716 1890.887 1845.939
20794.209 17750.625 3235.501 2913.063 2568.119 2490.692 2381.294 2129.039 2000.291 1891.681 1845.487
20794.209 17750.779 3236.010 2913.980 2566.510 2490.781 2381.349 2129.014 1999.829 1892.518 1845.021
20794.143 17750.949 3236.524 2914.847 2565.009 2490.865 2381.400 2128.992 1999.327 1893.407 1844.537
20794.021 17751.139 3237.040 2915.668 2563.607 2490.942 2381.447 2128.970 1998.778 1894.354 1844.033
20793.852 17751.350 3237.552 2916.446 2562.296 2491.014 2381.490 2128.951 1998.177 1895.370 1843.504
20793.637 17751.582 3238.058 2917.184 2561.070 2491.081 2381.530 2128.932 1997.515 1896.465 1842.945
20793.383 17751.842 3238.554 2917.884 2559.923 2491.144 2381.567 2128.915 1996.785 1897.651 1842.353
20793.098 17752.127 3239.040 2918.548 2558.847 2491.202 2381.602 2128.899 1995.973 1898.943 1841.720
