14 11 7 4 20 8 9 10 6 19 5 16 15 21 0 1 3 2
7 14 8 0 3 10 2 1 21 16 5 15
8 7 0 10 2 3 1 21 16 15 5
8 7 0 10 2 1 3 21 16 15 5
8 7 10 2 0 1 3 21 16 15 5
8 7 10 2 0 1 3 21 16 15 5
8 7 10 2 0 1 3 21 16 15 5
8 7 10 2 0 1 3 21 16 15 5
8 7 10 2 0 1 3 21 16 15 5
7 8 10 2 0 1 3 21 16 15 5
7 8 10 2 0 1 3 21 16 15 5
7 8 10 0 2 1 3 16 21 15 5
7 8 10 0 2 1 3 16 21 15 5
7 8 10 0 2 1 3 15 16 21 5
7 8 10 0 1 2 3 15 21 16 5
7 8 10 0 1 2 3 15 21 16 5
7 8 10 0 1 2 3 15 21 16 5
7 8 10 0 1 2 3 15 21 16 5
7 8 10 0 1 2 3 15 21 16 5
7 8 10 0 1 2 3 15 21 16 5
7 8 10 0 1 3 2 15 21 16 5
7 8 10 0 1 3 2 15 21 16 5
7 8 10 0 1 3 2 15 21 16 5
7 8 10 0 1 3 2 15 21 16 5
7 8 10 0 1 3 2 15 21 16 5
7 8 10 0 1 3 2 15 21 16 5
7 8 10 0 1 3 2 15 21 16 5
7 8 10 0 1 3 2 15 21 16 5
7 8 10 0 1 3 2 15 21 16 5
7 8 10 0 1 3 2 15 21 16 5
7 8 10 0 1 3 2 21 15 16 5
7 8 0 10 1 3 2 21 15 16 5
7 8 0 10 1 3 2 21 15 16 5
7 8 0 10 1 3 2 21 15 16 5
7 8 0 10 1 3 2 21 15 16 5
7 8 0 10 1 3 2 21 15 16 5
7 8 0 10 1 3 2 21 15 16 5
7 8 0 10 1 3 2 21 15 16 5
7 8 0 10 1 3 2 21 15 16 5
7 8 0 10 1 3 2 21 15 16 5
7 8 0 10 1 3 2 21 15 16 5
7 8 0 10 1 3 2 21 15 16 5
7 8 0 10 1 3 2 21 15 16 5
7 8 0 10 1 3 2 21 15 16 5
7 8 0 1 10 3 2 21 15 16 5
7 8 0 1 10 3 2 21 15 16 5
7 8 0 1 10 3 2 21 15 16 5
7 8 0 1 10 3 2 21 15 16 5
7 8 0 1 10 3 2 21 15 16 5
7 8 0 10 1 3 2 21 15 16 5
7 8 0 10 1 3 2 21 15 16 5
7 8 0 10 1 3 2 21 15 16 5
7 8 0 10 1 3 2 21 15 16 5
7 8 0 10 1 3 2 21 15 16 5
7 8 0 10 1 3 2 21 15 16 5
7 8 0 10 1 3 2 21 15 16 5
7 8 0 10 1 3 2 21 15 16 5
7 8 0 10 1 3 2 21 15 16 5
7 8 0 10 1 3 2 21 15 16 5
7 8 0 10 1 3 2 21 15 16 5
7 8 0 10 1 3 2 21 15 16 5
7 8 0 10 1 3 2 21 15 16 5
7 8 0 10 1 3 2 21 15 16 5
7 8 0 10 1 3 2 21 15 5 16
7 8 0 10 1 3 2 21 15 5 16
7 8 0 10 1 3 2 21 15 5 16
7 8 0 10 1 3 2 21 15 5 16
7 8 0 10 1 3 2 21 15 5 16
7 8 0 10 1 3 2 21 15 5 16
7 8 0 10 1 3 2 21 15 5 16
7 8 0 10 1 3 2 21 15 5 16
7 8 0 10 1 3 2 21 15 5 16
7 8 0 10 1 3 2 21 15 5 16
7 8 0 10 1 3 2 21 15 5 16
7 8 0 10 1 3 2 21 15 5 16
7 8 0 10 1 3 2 21 15 5 16
7 8 0 10 1 3 2 21 15 5 16
7 8 0 10 1 3 2 21 15 5 16
7 8 0 10 1 3 2 21 15 5 16
7 8 0 10 1 3 2 21 15 5 16
7 8 0 10 1 3 2 21 15 5 16
7 8 0 10 1 3 2 21 15 5 16
7 8 0 10 1 3 2 21 15 5 16
7 8 0 10 1 3 2 21 15 5 16
7 8 0 10 1 3 2 21 15 5 16
7 8 0 10 1 3 2 21 15 5 16
7 8 0 10 1 3 2 21 15 5 16
7 8 0 10 1 3 2 21 15 5 16
7 8 0 10 1 3 2 21 15 5 16
7 8 0 10 1 3 2 21 15 5 16
7 8 0 10 1 3 2 21 15 5 16
7 8 0 10 1 3 2 21 15 5 16
7 8 0 10 1 3 2 21 15 5 16
7 8 0 10 1 3 2 21 15 5 16
7 8 0 10 1 3 2 21 15 5 16
7 8 0 10 1 3 2 21 15 5 16
7 8 0 10 1 3 2 21 15 5 16
7 8 0 10 1 3 2 21 15 5 16
7 8 0 10 1 3 2 21 15 5 16
7 8 0 10 1 3 2 21 15 5 16
