dataName [[ 1.5771729e+00 -3.9796860e+00 -3.1193012e-01 ... -1.0184928e+00
   8.1307334e-01  6.1704612e-01]
 [ 1.2876945e+01 -3.7527339e+00  7.5905113e+00 ... -8.6400938e-01
  -2.1524973e-01 -7.7545261e-01]
 [-6.6037881e-01  4.9918427e+00 -2.3992975e+00 ...  1.6625190e+00
   1.0176053e+00  8.7860578e-01]
 ...
 [-2.2667401e+00  2.0377085e+00 -3.2788920e+00 ... -1.4703999e+00
  -3.0104780e-01  2.9287219e-01]
 [ 1.6619565e+00 -7.0988238e-02  6.5405951e+00 ...  9.2913797e-03
   2.2940522e-01  1.1183854e+00]
 [-2.2079632e+00 -3.1444466e-01  7.0772185e+00 ...  3.1618189e-02
  -9.4515389e-01  4.1237488e-01]]
