5.700
7.101
7.858
8.608
9.475
10.156
10.915
11.605
12.279
12.932
13.561
14.448
15.122
16.035
16.771
17.751
18.444
19.197
20.020
20.737
21.576
22.340
22.998
23.605
24.498
25.357
26.075
26.783
27.485
28.558
29.292
30.189
30.785
31.544
32.212
32.995
33.728
34.528
35.268
36.126
37.017
37.630
38.208
38.803
39.391
40.027
40.605
41.207
41.888
42.510
43.157
43.779
44.457
45.074
45.694
46.307
46.918
47.547
48.125
48.786
49.430
50.050
50.631
51.234
51.815
52.506
53.089
53.729
54.331
54.925
55.510
56.111
56.713
57.321
57.987
58.560
59.295
59.869
60.497
61.078
61.693
62.298
62.872
63.554
64.173
64.908
65.523
66.164
66.792
67.440
68.069
68.697
69.499
70.142
70.783
71.414
72.125
72.976
73.610
74.140
