1.814781628e+00
1.801885625e+00
1.798380431e+00
1.796497557e+00
1.795445546e+00
1.794817388e+00
1.794381308e+00
1.794032561e+00
1.793715608e+00
1.793404898e+00
1.793212346e+00
1.793093000e+00
1.793005513e+00
1.792936155e+00
1.792876668e+00
1.792822425e+00
1.792770892e+00
1.792710873e+00
1.792622510e+00
1.792576977e+00
1.792557108e+00
1.792539789e+00
1.792521515e+00
1.792500769e+00
1.792476243e+00
1.792445107e+00
1.792401955e+00
1.792336491e+00
1.792238668e+00
1.792136751e+00
1.792075739e+00
1.792042913e+00
1.792021781e+00
1.792005528e+00
1.791991629e+00
1.791979684e+00
1.791969855e+00
1.791961639e+00
1.791954412e+00
1.791947955e+00
1.791941978e+00
1.791936251e+00
1.791930950e+00
1.791926134e+00
1.791921625e+00
1.791917237e+00
1.791912839e+00
1.791908359e+00
1.791903773e+00
1.791899094e+00
1.791894387e+00
1.791889744e+00
1.791885233e+00
1.791880890e+00
1.791876730e+00
1.791872757e+00
1.791868975e+00
1.791865404e+00
1.791862081e+00
1.791859056e+00
1.791856344e+00
1.791853912e+00
1.791851702e+00
1.791849664e+00
1.791847758e+00
1.791845959e+00
1.791844248e+00
1.791842613e+00
1.791841048e+00
1.791839548e+00
1.791838113e+00
1.791836746e+00
1.791835449e+00
1.791834226e+00
1.791833085e+00
1.791832030e+00
1.791831066e+00
1.791830194e+00
1.791829415e+00
1.791828723e+00
1.791828113e+00
1.791827575e+00
1.791827103e+00
1.791826687e+00
1.791826318e+00
1.791825991e+00
1.791825699e+00
1.791825437e+00
1.791825201e+00
1.791824987e+00
1.791824791e+00
1.791824613e+00
1.791824448e+00
1.791824296e+00
1.791824155e+00
1.791824023e+00
1.791823898e+00
1.791823779e+00
1.791823664e+00
1.791823550e+00
